============================================================
siam chowdhury
Computational and Medicinal Chemistry
[Dr. Alam's Research Team] www.alamresearch.org
Arkansas State University
Date: 2026-09-25 02:02:10
============================================================

16 XCJ REDOCKING SCORES

mode |   affinity | dist from best mode
     | (kcal/mol) | rmsd l.b.| rmsd u.b.
-----+------------+----------+----------
   1       -10.11          0          0
   2       -9.623      1.379      1.631
   3       -9.205       6.78      10.49
   4       -8.673      4.728      11.12
   5       -8.622      2.311      2.754
   6       -8.318      1.696      2.218
   7       -8.282      4.162      9.471
   8       -8.012      9.686      11.57
   9       -8.002      10.31      11.46
  10       -7.923        3.4      10.42
  11       -7.897      9.504      10.47
  12       -7.877      5.652      8.744
  13       -7.803      5.432      8.336
  14       -7.721      3.531      10.47
  15        -7.58      3.013      9.107
  16       -7.515      10.31      11.34
  17       -7.463      9.997      11.85
  18       -7.366      9.731      10.41
  19       -7.338      10.36      12.94
  20       -7.285      9.268       10.7
