============================================================
siam chowdhury
Computational and Medicinal Chemistry
[Dr. Alam's Research Team] www.alamresearch.org
Arkansas State University
Date: 2026-09-25 02:11:11
============================================================

23 DOCKING SCORES: 17sa23

mode |   affinity | dist from best mode
     | (kcal/mol) | rmsd l.b.| rmsd u.b.
-----+------------+----------+----------
   1       -9.212          0          0
   2       -8.383      1.356      1.659
   3       -8.325      4.781      8.478
   4        -8.13      5.595      8.426
   5         -8.1      1.388        2.1
   6       -7.819      5.089      8.544
   7       -7.798      4.944      8.669
   8       -7.731     0.9999      2.024
   9        -7.67      4.838      8.392
  10       -7.589      3.827      5.987
  11       -7.362      4.242      6.234
  12       -7.272      4.101      6.547
  13       -7.259      5.687      8.189
  14       -7.201      3.024      5.401
  15       -7.131      4.163       5.99
  16       -7.066      4.279      6.574
  17       -7.043      5.478      8.127
  18       -7.032      5.174      8.992
  19       -7.029      4.684      7.065
  20       -4.036      3.817      6.247
