============================================================
siam chowdhury
Computational and Medicinal Chemistry
[Dr. Alam's Research Team] www.alamresearch.org
Arkansas State University
Date: 2026-09-27 10:55:35
============================================================

23 DOCKING SCORES: 25sa23

mode |   affinity | dist from best mode
     | (kcal/mol) | rmsd l.b.| rmsd u.b.
-----+------------+----------+----------
   1       -9.209          0          0
   2       -8.931     0.6968      2.538
   3        -8.75      3.752      6.087
   4       -8.583      5.104       8.17
   5        -8.51      5.215       7.46
   6       -8.442      4.863      6.963
   7       -8.433       5.59      8.878
   8       -8.413      3.631      5.714
   9       -8.269      4.977      8.553
  10       -8.154      5.472      8.661
  11       -8.154      4.935      8.661
  12       -8.153      4.876      8.465
  13       -8.087      5.207      8.965
  14       -8.053      3.985      5.817
  15       -7.966      13.43      16.53
  16       -7.957      3.872      6.252
  17       -7.943      2.712      5.648
  18       -7.816      10.03      12.66
  19       -7.757      4.671      7.359
  20       -7.684      4.121      6.615
