============================================================
siam chowdhury
Computational and Medicinal Chemistry
[Dr. Alam's Research Team] www.alamresearch.org
Arkansas State University
Date: 2026-09-27 10:54:32
============================================================

23 DOCKING SCORES: 22sa23

mode |   affinity | dist from best mode
     | (kcal/mol) | rmsd l.b.| rmsd u.b.
-----+------------+----------+----------
   1       -9.047          0          0
   2       -8.932      5.066      8.468
   3       -8.931      0.979      1.975
   4       -8.821      5.634      9.026
   5       -8.755      3.746      6.493
   6       -8.738      4.931      8.556
   7       -8.699      3.722      5.993
   8       -8.575      5.323      8.853
   9       -8.532      5.112      7.681
  10        -8.52       3.03      6.053
  11       -8.418      5.337      9.158
  12       -8.386       4.84      7.172
  13       -8.307      4.781      8.693
  14       -8.164      4.043      6.906
  15       -8.102      4.385      7.188
  16       -8.082      5.244      8.335
  17       -8.038      3.848      6.188
  18       -7.841      4.126      6.939
  19       -7.816       4.78      8.639
  20       -7.809      3.869      6.017
