============================================================
siam chowdhury
Computational and Medicinal Chemistry
[Dr. Alam's Research Team] www.alamresearch.org
Arkansas State University
Date: 2026-09-25 02:12:39
============================================================

23 DOCKING SCORES: 20sa23

mode |   affinity | dist from best mode
     | (kcal/mol) | rmsd l.b.| rmsd u.b.
-----+------------+----------+----------
   1       -9.148          0          0
   2       -9.078     0.2593      1.622
   3       -8.346      5.917       8.62
   4       -8.292      4.049      6.312
   5       -7.937      1.429       2.08
   6       -7.923      5.211       8.54
   7       -7.881      5.174      8.455
   8       -7.645      4.536      6.411
   9       -7.449      5.503      7.834
  10       -7.431      5.295      7.914
  11       -7.386      4.305       6.71
  12       -7.325      4.974      7.808
  13       -7.317      4.415      6.815
  14       -7.297      5.087      8.067
  15       -7.224      4.877      7.709
  16       -7.186       4.26      6.462
  17       -7.112      4.293       6.64
  18       -7.096      3.825      5.112
  19       -7.045      5.161      8.459
  20       -5.694      4.957      8.203
