============================================================
siam chowdhury
Computational and Medicinal Chemistry
[Dr. Alam's Research Team] www.alamresearch.org
Arkansas State University
Date: 2026-09-25 02:23:52
============================================================

23 DOCKING SCORES: 17sa23

mode |   affinity | dist from best mode
     | (kcal/mol) | rmsd l.b.| rmsd u.b.
-----+------------+----------+----------
   1       -7.166          0          0
   2       -7.105      1.747      3.346
   3       -6.486      7.817      11.13
   4       -6.349      8.159      11.67
   5       -6.338      2.766      3.465
   6       -6.268      8.491      12.21
   7       -6.267      8.199      11.81
   8       -6.229      1.365      1.866
   9       -6.221      7.885      11.76
  10       -6.217      7.588      11.62
  11       -6.173      4.418      7.134
  12       -5.918      8.539      12.07
  13       -5.854      7.771      11.47
  14       -5.681      3.991      4.918
  15       -5.555      4.083      5.026
  16       -5.463      4.138      6.029
  17       -5.213      4.897      6.947
  18       -5.166      7.413      9.724
  19       -4.956      9.162      12.61
  20       -4.478      7.728      11.14
