============================================================
siam chowdhury
Computational and Medicinal Chemistry
[Dr. Alam's Research Team] www.alamresearch.org
Arkansas State University
Date: 2026-09-25 02:27:25
============================================================

23 DOCKING SCORES: 20sa23

mode |   affinity | dist from best mode
     | (kcal/mol) | rmsd l.b.| rmsd u.b.
-----+------------+----------+----------
   1       -7.297          0          0
   2       -7.271     0.1176      1.619
   3       -7.264      7.701      11.42
   4         -7.2      7.572      11.24
   5       -7.135      2.789      4.313
   6       -7.088      2.795      4.536
   7       -6.911      2.297      4.124
   8        -6.89       2.29      4.167
   9       -6.748      7.724      11.38
  10       -6.697      5.051      8.313
  11       -6.668      2.221      3.017
  12       -6.405      6.136      10.22
  13       -6.342      6.161       10.2
  14       -6.153      2.537      4.821
  15       -6.135       6.66      10.43
  16       -5.992      2.416      2.792
  17       -5.956      6.102      10.01
  18       -5.944      5.813      9.507
  19       -5.942      2.781      4.082
  20       -3.461      7.345       10.4
