============================================================
siam chowdhury
Computational and Medicinal Chemistry
[Dr. Alam's Research Team] www.alamresearch.org
Arkansas State University
Date: 2026-09-27 01:58:56
============================================================

23 DOCKING SCORES: 22sa23

mode |   affinity | dist from best mode
     | (kcal/mol) | rmsd l.b.| rmsd u.b.
-----+------------+----------+----------
   1        -8.36          0          0
   2       -7.934       7.13      10.75
   3        -7.76      7.698      11.25
   4       -7.566       8.17      11.98
   5       -7.486      7.985      11.54
   6       -7.474      8.307      11.97
   7       -6.992      8.459      11.95
   8       -6.967      3.846      5.527
   9       -6.922      1.587      2.246
  10       -6.902      8.479      12.19
  11       -6.848      2.246      5.732
  12       -6.819      3.931      5.383
  13       -6.762      8.262      11.73
  14       -6.597       5.27      7.142
  15       -6.593       5.02      7.246
  16       -6.476      7.746      11.85
  17       -6.466      8.095       11.4
  18       -6.295      3.682      4.704
  19        -3.34      3.908      6.622
  20        4.716      4.199        5.6
