============================================================
siam chowdhury
Computational and Medicinal Chemistry
[Dr. Alam's Research Team] www.alamresearch.org
Arkansas State University
Date: 2026-09-25 02:20:21
============================================================

23 DOCKING SCORES: 5sa23

mode |   affinity | dist from best mode
     | (kcal/mol) | rmsd l.b.| rmsd u.b.
-----+------------+----------+----------
   1       -7.988          0          0
   2       -7.163      1.658      3.659
   3        -6.96      7.506      11.17
   4       -6.919      7.891       11.5
   5       -6.772      7.694      11.67
   6       -6.732      7.916      11.24
   7       -6.659      2.183       3.27
   8       -6.634      7.333      11.06
   9       -6.615      7.036      10.65
  10       -6.561      7.514      11.78
  11       -6.559      7.953      11.61
  12       -6.549      2.019      4.804
  13        -6.51      2.011      5.014
  14       -6.211      6.164      8.005
  15       -6.108      8.293      11.99
  16       -6.104      4.402      5.411
  17       -6.018      6.908      9.968
  18       -6.002      4.446      6.003
  19       -5.876      6.678      9.542
  20       -5.757      7.539      11.71
