============================================================
siam chowdhury
Computational and Medicinal Chemistry
[Dr. Alam's Research Team] www.alamresearch.org
Arkansas State University
Date: 2026-09-27 01:53:17
============================================================

23 DOCKING SCORES: 9sa23

mode |   affinity | dist from best mode
     | (kcal/mol) | rmsd l.b.| rmsd u.b.
-----+------------+----------+----------
   1       -7.157          0          0
   2       -7.118      2.025      3.473
   3       -6.555      1.597      2.156
   4       -6.465       0.92      1.746
   5        -6.32      7.709      11.68
   6       -6.309      7.623      11.11
   7       -6.307      1.638      2.082
   8       -6.292      7.835      11.42
   9       -6.181      4.498      7.238
  10       -6.114      7.405      11.47
  11       -5.821      7.827       11.3
  12        -5.82      7.642      11.46
  13       -5.751      6.763      9.003
  14       -5.711      2.521      3.082
  15       -5.698        2.7      4.355
  16       -5.458      4.028       5.02
  17       -5.309      4.721      6.511
  18       -5.122       6.98      9.332
  19       -4.811       9.59      11.75
  20       -4.799      4.471      6.594
